USE pvamu_registration;

INSERT INTO section (section_id, course_id, semester, year, capacity, current_enrollment) VALUES
-- FALL
(1, 1, 'Fall', 2026, 35, 28),
(2, 2, 'Fall', 2026, 35, 31),
(3, 3, 'Fall', 2026, 35, 24),
(4, 4, 'Fall', 2026, 35, 19),
(5, 5, 'Fall', 2026, 35, 35),
(6, 6, 'Fall', 2026, 35, 22),
(7, 7, 'Fall', 2026, 35, 17),
(8, 8, 'Fall', 2026, 35, 29),
(9, 9, 'Fall', 2026, 35, 26),
(10, 10, 'Fall', 2026, 35, 33),

-- SPRING
(11, 1, 'Spring', 2027, 35, 25),
(12, 2, 'Spring', 2027, 35, 30),
(13, 3, 'Spring', 2027, 35, 21),
(14, 4, 'Spring', 2027, 35, 18),
(15, 5, 'Spring', 2027, 35, 35),
(16, 6, 'Spring', 2027, 35, 23),
(17, 7, 'Spring', 2027, 35, 20),
(18, 8, 'Spring', 2027, 35, 27),
(19, 9, 'Spring', 2027, 35, 16),
(20, 10, 'Spring', 2027, 35, 32),

-- SUMMER
(21, 1, 'Summer', 2027, 25, 14),
(22, 2, 'Summer', 2027, 25, 19),
(23, 3, 'Summer', 2027, 25, 17),
(24, 4, 'Summer', 2027, 25, 12),
(25, 5, 'Summer', 2027, 25, 25),
(26, 6, 'Summer', 2027, 25, 15),
(27, 7, 'Summer', 2027, 25, 10),
(28, 8, 'Summer', 2027, 25, 21),
(29, 9, 'Summer', 2027, 25, 13),
(30, 10, 'Summer', 2027, 25, 18);
